<?xml version="1.0" encoding="UTF-8" standalone="no" ?>
<SimscapeMultibodyImportXML version="2.0" xmlns="urn:mathworks:SimscapeMultibody:import" xmlns:xsi="http://www.w3.org/2001/XMLSchema-instance">
<Created by="" on="11/07/20||17:16:58" using="Simscape Multibody Link Version 7.0" from="SolidWorks 26.0.0"/>
<ModelUnits mass="kilogram" length="millimeter"/>
<DataUnits mass="kilogram" length="meter"/>
<RootAssembly name="quad core" uid="quad core" version="2445">
<AssemblyFile name="quad core.SLDASM" type="SolidWorks Assembly"/>
<InstanceTree>
<Instance name="84-1" uid="84-1" entityUid="84*:*Default">
<Transform>
<Rotation>1 0 0 0 1 0 0 0 1</Rotation>
<Translation>0 0.0034999999999999996 0</Translation>
</Transform>
</Instance>
<Instance name="1-1" uid="1-1" entityUid="1*:*Default">
<Transform>
<Rotation>1 0 0 0 1 0 0 0 1</Rotation>
<Translation>0 0 0</Translation>
</Transform>
</Instance>
<Instance name="3-1" uid="3-1" entityUid="3*:*Default">
<Transform>
<Rotation>0.99999999999999989 0 1.6819878823071122e-14 0 -1 0 1.6903145549918008e-14 0 -1</Rotation>
<Translation>0 0.028100000000000003 0</Translation>
</Transform>
</Instance>
<Instance name="spinner-1" uid="spinner-1" entityUid="spinner*:*Default">
<Transform>
<Rotation>0.99995594581207359 0 -0.0093865028142334841 0 1 0 0.0093865028142334841 0 0.99995594581207359</Rotation>
<Translation>-0.084852813742386263 0.027000000000000003 0.084852813742385125</Translation>
</Transform>
</Instance>
<Instance name="pan cross head_am-2" uid="pan cross head_am-2" entityUid="pan cross head_am*:*B18.6.7M - M3 x 0.5 x 13 Type I Cross Recessed PHMS --13N">
<Transform>
<Rotation>0 -3.4359701876118755e-15 -1 -1 0 0 0 1 -3.4359701876118755e-15</Rotation>
<Translation>-0.015250000000000052 0.015400000000000004 0.015249999999999948</Translation>
</Transform>
</Instance>
<Instance name="fghj-2" uid="fghj-2" entityUid="fghj*:*Default">
<Transform>
<Rotation>-0.13988624590156742 0 -0.99016758087081713 0 1 0 0.99016758087081713 0 -0.13988624590156742</Rotation>
<Translation>0.015249999999999946 0.0052500000000000012 0.015250000000000052</Translation>
</Transform>
</Instance>
<Instance name="569+12-1" uid="569+12-1" entityUid="569+12*:*Default">
<Transform>
<Rotation>0.00070353119378725021 0 0.99999975252189899 0 1 0 -0.99999975252189899 0 0.00070353119378725021</Rotation>
<Translation>-0.084852813742386249 0.033500000000000002 0.084852813742385153</Translation>
</Transform>
</Instance>
<Instance name="hex nut style 2_am-5" uid="hex nut style 2_am-5" entityUid="hex nut style 2_am*:*B18.2.4.2M - Hex nut, Style 2,  M4 x 0.7 --D-N">
<Transform>
<Rotation>0.93283084764669533 0.36031459820377509 0 0 0 0.99999999999999978 0.36031459820377509 -0.93283084764669533 0</Rotation>
<Translation>-0.084852813742386263 0.040300000000000009 0.084852813742385125</Translation>
</Transform>
</Instance>
<Instance name="spinner-2" uid="spinner-2" entityUid="spinner*:*Default">
<Transform>
<Rotation>-0.0093865028142369761 0 -0.99995594581207359 0 1 0 0.99995594581207359 0 -0.0093865028142369761</Rotation>
<Translation>-0.084852813742384833 0.027000000000000003 -0.084852813742386554</Translation>
</Transform>
</Instance>
<Instance name="spider arms-1" uid="spider arms-1" entityUid="spider arms*:*Default">
<Transform>
<Rotation>-0.70710678118654313 0 0.7071067811865519 0 1 0 -0.7071067811865519 0 -0.70710678118654313</Rotation>
<Translation>-0.017677669529663896 0.0040000000000000001 0.030405591591021387</Translation>
</Transform>
</Instance>
<Instance name="hex nut style 2_am-1" uid="hex nut style 2_am-1" entityUid="hex nut style 2_am*:*B18.2.4.2M - Hex nut, Style 2,  M3 x 0.5 --D-N">
<Transform>
<Rotation>0.82789875837783156 0.56087756763525942 0 0 0 -0.99999999999999989 -0.56087756763525942 0.82789875837783156 0</Rotation>
<Translation>-0.022627416997969736 -0.0028999999999999998 0.031112698372207918</Translation>
</Transform>
</Instance>
<Instance name="hex nut style 2_am-2" uid="hex nut style 2_am-2" entityUid="hex nut style 2_am*:*B18.2.4.2M - Hex nut, Style 2,  M3 x 0.5 --D-N">
<Transform>
<Rotation>0.70736423355430655 0.70684923504813146 0 0 0 -1 -0.70684923504813135 0.70736423355430667 0</Rotation>
<Translation>-0.031112698372208258 0.023373055051599693 0.022627416997969281</Translation>
</Transform>
</Instance>
<Instance name="pan cross head_am-24" uid="pan cross head_am-24" entityUid="pan cross head_am*:*B18.6.7M - M2 x 0.4 x 2.5 Type I Cross Recessed PHMS --2.5N">
<Transform>
<Rotation>0 0.062805782496659621 -0.99802576804658827 1 0 0 0 -0.99802576804658827 -0.062805782496659621</Rotation>
<Translation>-0.090852813742384839 0.0024000000000000028 -0.084852813742386693</Translation>
</Transform>
</Instance>
<Instance name="fghj-1" uid="fghj-1" entityUid="fghj*:*Default">
<Transform>
<Rotation>0.99016758087081758 0 -0.13988624590156395 0 1 0 0.13988624590156395 0 0.99016758087081758</Rotation>
<Translation>0.015249999999999998 0.0052500000000000012 -0.01525</Translation>
</Transform>
</Instance>
<Instance name="fghj-3" uid="fghj-3" entityUid="fghj*:*Default">
<Transform>
<Rotation>-0.99016758087081658 0 0.13988624590157087 0 1 0 -0.13988624590157087 0 -0.99016758087081658</Rotation>
<Translation>-0.015250000000000104 0.0052500000000000012 0.015249999999999894</Translation>
</Transform>
</Instance>
<Instance name="pan cross head_am-21" uid="pan cross head_am-21" entityUid="pan cross head_am*:*B18.6.7M - M2 x 0.4 x 2.5 Type I Cross Recessed PHMS --2.5N">
<Transform>
<Rotation>0 -0.99802576804658849 -0.062805782496656137 1 0 0 0 -0.062805782496656137 0.99802576804658849</Rotation>
<Translation>-0.076852813742386256 0.0024000000000000028 0.084852813742385236</Translation>
</Transform>
</Instance>
<Instance name="fghj-4" uid="fghj-4" entityUid="fghj*:*Default">
<Transform>
<Rotation>0.13988624590157434 0 0.99016758087081613 0 1 0 -0.99016758087081613 0 0.13988624590157434</Rotation>
<Translation>-0.01524999999999984 0.0052500000000000012 -0.015250000000000158</Translation>
</Transform>
</Instance>
<Instance name="pan cross head_am-6" uid="pan cross head_am-6" entityUid="pan cross head_am*:*B18.6.7M - M3 x 0.5 x 30 Type I Cross Recessed PHMS --30N">
<Transform>
<Rotation>0 0.97647712855779345 -0.21562100408709378 -1 0 0 0 0.21562100408709375 0.97647712855779356</Rotation>
<Translation>-0.031112698372208251 0.030500000000000003 0.022627416997969281</Translation>
</Transform>
</Instance>
<Instance name="pan cross head_am-8" uid="pan cross head_am-8" entityUid="pan cross head_am*:*B18.6.7M - M2 x 0.4 x 2.5 Type I Cross Recessed PHMS --2.5N">
<Transform>
<Rotation>0 -0.9683069371659192 -0.24976323876094458 1 0 0 0 -0.24976323876094458 0.9683069371659192</Rotation>
<Translation>-0.084852813742386179 0.0024000000000000028 0.078852813742385119</Translation>
</Transform>
</Instance>
<Instance name="hex nut style 2_am-6" uid="hex nut style 2_am-6" entityUid="hex nut style 2_am*:*B18.2.4.2M - Hex nut, Style 2,  M4 x 0.7 --D-N">
<Transform>
<Rotation>-0.36031459820377837 0.93283084764669411 0 0 0 0.99999999999999978 0.93283084764669411 0.36031459820377837 0</Rotation>
<Translation>-0.084852813742384833 0.040300000000000009 -0.084852813742386554</Translation>
</Transform>
</Instance>
<Instance name="pan cross head_am-23" uid="pan cross head_am-23" entityUid="pan cross head_am*:*B18.6.7M - M2 x 0.4 x 2.5 Type I Cross Recessed PHMS --2.5N">
<Transform>
<Rotation>0 0.24976323876094797 -0.96830693716591831 1 0 0 0 -0.96830693716591831 -0.24976323876094797</Rotation>
<Translation>-0.078852813742384828 0.0024000000000000028 -0.084852813742386457</Translation>
</Transform>
</Instance>
<Instance name="pan cross head_am-19" uid="pan cross head_am-19" entityUid="pan cross head_am*:*B18.6.7M - M2 x 0.4 x 2.5 Type I Cross Recessed PHMS --2.5N">
<Transform>
<Rotation>0 -0.99802576804658849 -0.062805782496656137 1 0 0 0 -0.062805782496656137 0.99802576804658849</Rotation>
<Translation>-0.084852813742386374 0.0024000000000000028 0.09085281374238513</Translation>
</Transform>
</Instance>
<Instance name="pan cross head_am-1" uid="pan cross head_am-1" entityUid="pan cross head_am*:*B18.6.7M - M3 x 0.5 x 13 Type I Cross Recessed PHMS --13N">
<Transform>
<Rotation>0 1 0 -1 0 0 0 0 1</Rotation>
<Translation>0.015250000000000001 0.015400000000000004 0.015249999999999998</Translation>
</Transform>
</Instance>
<Instance name="pan cross head_am-5" uid="pan cross head_am-5" entityUid="pan cross head_am*:*B18.6.7M - M3 x 0.5 x 30 Type I Cross Recessed PHMS --30N">
<Transform>
<Rotation>0 0.91834563620045973 -0.39577934821257804 -1 0 0 0 0.39577934821257804 0.91834563620045973</Rotation>
<Translation>-0.022627416997969736 0.030500000000000003 0.031112698372207918</Translation>
</Transform>
</Instance>
<Instance name="pan cross head_am-3" uid="pan cross head_am-3" entityUid="pan cross head_am*:*B18.6.7M - M3 x 0.5 x 13 Type I Cross Recessed PHMS --13N">
<Transform>
<Rotation>0 -1 6.9274515264550089e-15 -1 0 0 0 -6.9274515264550089e-15 -1</Rotation>
<Translation>-0.015249999999999896 0.015400000000000004 -0.015250000000000104</Translation>
</Transform>
</Instance>
<Instance name="59-2" uid="59-2" entityUid="59*:*Default">
<Transform>
<Rotation>1 0 0 0 1 0 0 0 1</Rotation>
<Translation>-0.084852813742386263 0.0085000000000000006 0.084852813742385125</Translation>
</Transform>
</Instance>
<Instance name="pan cross head_am-4" uid="pan cross head_am-4" entityUid="pan cross head_am*:*B18.6.7M - M3 x 0.5 x 13 Type I Cross Recessed PHMS --13N">
<Transform>
<Rotation>0 1.0418932865298142e-14 1 -1 0 0 0 -1 1.0418932865298142e-14</Rotation>
<Translation>0.015250000000000158 0.015400000000000004 -0.015249999999999842</Translation>
</Transform>
</Instance>
<Instance name="56465-2" uid="56465-2" entityUid="56465*:*Default">
<Transform>
<Rotation>0.5469441386039916 0 -0.83716910433122049 0 -1 0 -0.83716910433122049 0 -0.5469441386039916</Rotation>
<Translation>-0.070771111441549114 0.0079000000000000008 -0.064407150410871555</Translation>
</Transform>
</Instance>
<Instance name="hex nut style 2_am-16" uid="hex nut style 2_am-16" entityUid="hex nut style 2_am*:*B18.2.4.2M - Hex nut, Style 2,  M4 x 0.7 --D-N">
<Transform>
<Rotation>-0.93283084764669277 -0.36031459820378159 0 0 0 0.99999999999999978 -0.36031459820378159 0.93283084764669277 0</Rotation>
<Translation>0.084852813742386859 0.040300000000000009 -0.084852813742384528</Translation>
</Transform>
</Instance>
<Instance name="59-3" uid="59-3" entityUid="59*:*Default">
<Transform>
<Rotation>-3.4914813388431334e-15 0 -1 0 1 0 1 0 -3.4914813388431334e-15</Rotation>
<Translation>-0.084852813742384833 0.0085000000000000006 -0.084852813742386554</Translation>
</Transform>
</Instance>
<Instance name="pan cross head_am-25" uid="pan cross head_am-25" entityUid="pan cross head_am*:*B18.6.7M - M2 x 0.4 x 2.5 Type I Cross Recessed PHMS --2.5N">
<Transform>
<Rotation>0 0.062805782496659621 -0.99802576804658827 1 0 0 0 -0.99802576804658827 -0.062805782496659621</Rotation>
<Translation>-0.084852813742384972 0.0024000000000000028 -0.076852813742386547</Translation>
</Transform>
</Instance>
<Instance name="56465-1" uid="56465-1" entityUid="56465*:*Default">
<Transform>
<Rotation>-0.83716910433122238 0 -0.54694413860398872 0 -1 0 -0.54694413860398872 0 0.83716910433122238</Rotation>
<Translation>-0.064407150410871306 0.0079000000000000008 0.070771111441549336</Translation>
</Transform>
</Instance>
<Instance name="Part5-2" uid="Part5-2" entityUid="Part5*:*Default">
<Transform>
<Rotation>0.70710678118654069 0.70710678118655435 0 0 0 1 0.70710678118655435 -0.7071067811865408 0</Rotation>
<Translation>-0.046669047558311853 0.013000000000000001 -0.024041630560343086</Translation>
</Transform>
</Instance>
<Instance name="spinner-3" uid="spinner-3" entityUid="spinner*:*Default">
<Transform>
<Rotation>-0.99995594581207348 0 0.0093865028142404664 0 1 0 -0.0093865028142404664 0 -0.99995594581207348</Rotation>
<Translation>0.084852813742386859 0.027000000000000003 -0.084852813742384528</Translation>
</Transform>
</Instance>
<Instance name="Part5-1" uid="Part5-1" entityUid="Part5*:*Default">
<Transform>
<Rotation>0.7071067811865519 -0.70710678118654324 0 0 0 1 -0.70710678118654313 -0.7071067811865519 0</Rotation>
<Translation>-0.024041630560342923 0.013000000000000001 0.046669047558311937</Translation>
</Transform>
</Instance>
<Instance name="569+12-3" uid="569+12-3" entityUid="569+12*:*Default">
<Transform>
<Rotation>-0.00070353119379423313 0 -0.99999975252189899 0 1 0 0.99999975252189899 0 -0.00070353119379423313</Rotation>
<Translation>0.084852813742386846 0.033500000000000002 -0.084852813742384556</Translation>
</Transform>
</Instance>
<Instance name="pan cross head_am-29" uid="pan cross head_am-29" entityUid="pan cross head_am*:*B18.6.7M - M2 x 0.4 x 2.5 Type I Cross Recessed PHMS --2.5N">
<Transform>
<Rotation>0 0.99802576804658805 0.062805782496663104 1 0 0 0 0.062805782496663104 -0.99802576804658805</Rotation>
<Translation>0.076852813742386852 0.0024000000000000028 -0.084852813742384695</Translation>
</Transform>
</Instance>
<Instance name="hex nut style 2_am-17" uid="hex nut style 2_am-17" entityUid="hex nut style 2_am*:*B18.2.4.2M - Hex nut, Style 2,  M3 x 0.5 --D-N">
<Transform>
<Rotation>-0.70736423355431144 -0.70684923504812658 0 0 0 -1 0.70684923504812647 -0.70736423355431155 0</Rotation>
<Translation>0.031112698372208411 -0.0028999999999999989 -0.022627416997969062</Translation>
</Transform>
</Instance>
<Instance name="spider arms-3" uid="spider arms-3" entityUid="spider arms*:*Default">
<Transform>
<Rotation>0.70710678118653825 0 -0.70710678118655679 0 1 0 0.70710678118655679 0 0.70710678118653825</Rotation>
<Translation>0.017677669529664108 0.0040000000000000001 -0.030405591591021262</Translation>
</Transform>
</Instance>
<Instance name="hex nut style 2_am-12" uid="hex nut style 2_am-12" entityUid="hex nut style 2_am*:*B18.2.4.2M - Hex nut, Style 2,  M3 x 0.5 --D-N">
<Transform>
<Rotation>0.70736423355430655 0.70684923504813146 0 0 0 -1 -0.70684923504813135 0.70736423355430667 0</Rotation>
<Translation>-0.031112698372208251 -0.0028999999999999989 0.022627416997969281</Translation>
</Transform>
</Instance>
<Instance name="59-4" uid="59-4" entityUid="59*:*Default">
<Transform>
<Rotation>-1 0 6.9829626776862667e-15 0 1 0 -6.9829626776862667e-15 0 -1</Rotation>
<Translation>0.084852813742386859 0.0085000000000000006 -0.084852813742384528</Translation>
</Transform>
</Instance>
<Instance name="hex nut style 2_am-7" uid="hex nut style 2_am-7" entityUid="hex nut style 2_am*:*B18.2.4.2M - Hex nut, Style 2,  M3 x 0.5 --D-N">
<Transform>
<Rotation>0.56087756763525654 -0.82789875837783355 0 0 0 -0.99999999999999989 0.82789875837783355 0.56087756763525654 0</Rotation>
<Translation>-0.031112698372207839 -0.0028999999999999998 -0.022627416997969843</Translation>
</Transform>
</Instance>
<Instance name="hex nut style 2_am-18" uid="hex nut style 2_am-18" entityUid="hex nut style 2_am*:*B18.2.4.2M - Hex nut, Style 2,  M3 x 0.5 --D-N">
<Transform>
<Rotation>-0.82789875837783544 -0.56087756763525365 0 0 0 -0.99999999999999989 0.56087756763525365 -0.82789875837783544 0</Rotation>
<Translation>0.022627416997969954 -0.0028999999999999998 -0.031112698372207759</Translation>
</Transform>
</Instance>
<Instance name="569+12-4" uid="569+12-4" entityUid="569+12*:*Default">
<Transform>
<Rotation>0.77593738284031843 0 0.63080993802485197 0 1 0 -0.63080993802485197 0 0.77593738284031843</Rotation>
<Translation>-0.084852813742384847 0.033500000000000009 -0.084852813742386554</Translation>
</Transform>
</Instance>
<Instance name="Part5-3" uid="Part5-3" entityUid="Part5*:*Default">
<Transform>
<Rotation>-0.70710678118655679 0.70710678118653836 0 0 0 1 0.70710678118653825 0.70710678118655679 0</Rotation>
<Translation>0.024041630560343249 0.013000000000000001 -0.04666904755831177</Translation>
</Transform>
</Instance>
<Instance name="pan cross head_am-30" uid="pan cross head_am-30" entityUid="pan cross head_am*:*B18.6.7M - M3 x 0.5 x 30 Type I Cross Recessed PHMS --30N">
<Transform>
<Rotation>0 0.3957793482125877 0.91834563620045562 -1 0 0 0 -0.91834563620045562 0.3957793482125877</Rotation>
<Translation>0.031112698372207679 0.030500000000000003 0.022627416997970062</Translation>
</Transform>
</Instance>
<Instance name="pan cross head_am-31" uid="pan cross head_am-31" entityUid="pan cross head_am*:*B18.6.7M - M2 x 0.4 x 2.5 Type I Cross Recessed PHMS --2.5N">
<Transform>
<Rotation>0 -0.062805782496666587 0.99802576804658782 1 0 0 0 0.99802576804658782 0.062805782496666587</Rotation>
<Translation>0.090852813742384242 0.0024000000000000028 0.084852813742387331</Translation>
</Transform>
</Instance>
<Instance name="spider arms-2" uid="spider arms-2" entityUid="spider arms*:*Default">
<Transform>
<Rotation>0.70710678118655435 0 0.70710678118654069 0 1 0 -0.70710678118654069 0 0.70710678118655435</Rotation>
<Translation>-0.030405591591021325 0.0040000000000000001 -0.017677669529664004</Translation>
</Transform>
</Instance>
<Instance name="hex nut style 2_am-15" uid="hex nut style 2_am-15" entityUid="hex nut style 2_am*:*B18.2.4.2M - Hex nut, Style 2,  M3 x 0.5 --D-N">
<Transform>
<Rotation>0.70684923504812891 -0.70736423355430911 0 0 0 -1 0.707364233554309 0.70684923504812902 0</Rotation>
<Translation>-0.022627416997969173 -0.0028999999999999989 -0.031112698372208331</Translation>
</Transform>
</Instance>
<Instance name="pan cross head_am-26" uid="pan cross head_am-26" entityUid="pan cross head_am*:*B18.6.7M - M3 x 0.5 x 30 Type I Cross Recessed PHMS --30N">
<Transform>
<Rotation>0 -0.21562100408709717 -0.97647712855779278 -1 0 0 0 0.97647712855779267 -0.2156210040870972</Rotation>
<Translation>-0.022627416997969173 0.030500000000000003 -0.031112698372208331</Translation>
</Transform>
</Instance>
<Instance name="pan cross head_am-27" uid="pan cross head_am-27" entityUid="pan cross head_am*:*B18.6.7M - M3 x 0.5 x 30 Type I Cross Recessed PHMS --30N">
<Transform>
<Rotation>0 -0.39577934821258126 -0.91834563620045839 -1 0 0 0 0.91834563620045839 -0.39577934821258126</Rotation>
<Translation>-0.031112698372207839 0.030500000000000003 -0.022627416997969843</Translation>
</Transform>
</Instance>
<Instance name="pan cross head_am-28" uid="pan cross head_am-28" entityUid="pan cross head_am*:*B18.6.7M - M3 x 0.5 x 30 Type I Cross Recessed PHMS --30N">
<Transform>
<Rotation>0 -0.9764771285577919 0.21562100408710061 -1 0 0 0 -0.21562100408710058 -0.97647712855779201</Rotation>
<Translation>0.031112698372208411 0.030500000000000003 -0.022627416997969062</Translation>
</Transform>
</Instance>
<Instance name="59-5" uid="59-5" entityUid="59*:*Default">
<Transform>
<Rotation>1.04744440165294e-14 0 1 0 1 0 -1 0 1.04744440165294e-14</Rotation>
<Translation>0.084852813742384237 0.0085000000000000006 0.084852813742387151</Translation>
</Transform>
</Instance>
<Instance name="hex nut style 2_am-19" uid="hex nut style 2_am-19" entityUid="hex nut style 2_am*:*B18.2.4.2M - Hex nut, Style 2,  M3 x 0.5 --D-N">
<Transform>
<Rotation>-0.70684923504812402 0.70736423355431399 0 0 0 -1 -0.70736423355431388 -0.70684923504812414 0</Rotation>
<Translation>0.022627416997968955 -0.0028999999999999989 0.031112698372208491</Translation>
</Transform>
</Instance>
<Instance name="56465-3" uid="56465-3" entityUid="56465*:*Default">
<Transform>
<Rotation>-0.54694413860399749 0 0.83716910433121672 0 -1 0 0.83716910433121672 0 0.54694413860399749</Rotation>
<Translation>0.07077111144154867 0.0079000000000000008 0.064407150410872055</Translation>
</Transform>
</Instance>
<Instance name="pan cross head_am-32" uid="pan cross head_am-32" entityUid="pan cross head_am*:*B18.6.7M - M2 x 0.4 x 2.5 Type I Cross Recessed PHMS --2.5N">
<Transform>
<Rotation>0 -0.062805782496666587 0.99802576804658782 1 0 0 0 0.99802576804658782 0.062805782496666587</Rotation>
<Translation>0.084852813742384431 0.0024000000000000028 0.076852813742387144</Translation>
</Transform>
</Instance>
<Instance name="569+12-5" uid="569+12-5" entityUid="569+12*:*Default">
<Transform>
<Rotation>-0.77593738284032288 0 -0.63080993802484653 0 1 0 0.63080993802484653 0 -0.77593738284032288</Rotation>
<Translation>0.08485281374238425 0.033500000000000009 0.084852813742387151</Translation>
</Transform>
</Instance>
<Instance name="spinner-4" uid="spinner-4" entityUid="spinner*:*Default">
<Transform>
<Rotation>0.0093865028142439584 0 0.99995594581207348 0 1 0 -0.99995594581207348 0 0.0093865028142439584</Rotation>
<Translation>0.084852813742384237 0.027000000000000003 0.084852813742387151</Translation>
</Transform>
</Instance>
<Instance name="spider arms-4" uid="spider arms-4" entityUid="spider arms*:*Default">
<Transform>
<Rotation>-0.70710678118655923 0 -0.7071067811865358 0 1 0 0.7071067811865358 0 -0.70710678118655923</Rotation>
<Translation>0.0304055915910212 0.0040000000000000001 0.017677669529664215</Translation>
</Transform>
</Instance>
<Instance name="Part5-4" uid="Part5-4" entityUid="Part5*:*Default">
<Transform>
<Rotation>-0.7071067811865358 -0.70710678118655923 0 0 0 1 -0.70710678118655923 0.70710678118653592 0</Rotation>
<Translation>0.046669047558311687 0.013000000000000001 0.024041630560343412</Translation>
</Transform>
</Instance>
<Instance name="battery-1" uid="battery-1" entityUid="battery*:*Default">
<Transform>
<Rotation>1 0 0 0 1 0 0 0 1</Rotation>
<Translation>0 0.028100000000000003 0</Translation>
</Transform>
</Instance>
<Instance name="hex nut style 2_am-21" uid="hex nut style 2_am-21" entityUid="hex nut style 2_am*:*B18.2.4.2M - Hex nut, Style 2,  M4 x 0.7 --D-N">
<Transform>
<Rotation>0.36031459820378486 -0.93283084764669155 0 0 0 0.99999999999999978 -0.93283084764669155 -0.36031459820378486 0</Rotation>
<Translation>0.084852813742384237 0.040300000000000009 0.084852813742387151</Translation>
</Transform>
</Instance>
<Instance name="hex nut style 2_am-20" uid="hex nut style 2_am-20" entityUid="hex nut style 2_am*:*B18.2.4.2M - Hex nut, Style 2,  M3 x 0.5 --D-N">
<Transform>
<Rotation>-0.56087756763525076 0.82789875837783744 0 0 0 -0.99999999999999989 -0.82789875837783744 -0.56087756763525076 0</Rotation>
<Translation>0.031112698372207679 -0.0028999999999999998 0.022627416997970062</Translation>
</Transform>
</Instance>
<Instance name="pan cross head_am-33" uid="pan cross head_am-33" entityUid="pan cross head_am*:*B18.6.7M - M3 x 0.5 x 30 Type I Cross Recessed PHMS --30N">
<Transform>
<Rotation>0 0.215621004087104 0.97647712855779123 -1 0 0 0 -0.97647712855779112 0.21562100408710402</Rotation>
<Translation>0.022627416997968955 0.030500000000000003 0.031112698372208491</Translation>
</Transform>
</Instance>
</InstanceTree>
<Constraints>
<Concentric name="Concentric1">
<ConstraintGeometry geomType="cylinder">
<InstancePath>
<Uid>1-1</Uid>
</InstancePath>
<Position>0.015249999999999946 0 0.015250000000000053</Position>
<Axis>0 1 0</Axis>
</ConstraintGeometry>
<ConstraintGeometry geomType="cylinder">
<InstancePath>
<Uid>84-1</Uid>
</InstancePath>
<Position>0.01525 0.0017499999999999998 0.015250000000000001</Position>
<Axis>0 -1 0</Axis>
</ConstraintGeometry>
</Concentric>
<Concentric name="Concentric2">
<ConstraintGeometry geomType="cylinder">
<InstancePath>
<Uid>1-1</Uid>
</InstancePath>
<Position>0.01525 0 -0.01525</Position>
<Axis>0 1 0</Axis>
</ConstraintGeometry>
<ConstraintGeometry geomType="cylinder">
<InstancePath>
<Uid>84-1</Uid>
</InstancePath>
<Position>0.015249999999999996 0.0017499999999999998 -0.015249999999999998</Position>
<Axis>0 -1 0</Axis>
</ConstraintGeometry>
</Concentric>
<Coincident name="Coincident1">
<ConstraintGeometry geomType="plane">
<InstancePath>
<Uid>1-1</Uid>
</InstancePath>
<Position>0.015249999999999946 0.0035000000000000001 0.015250000000000053</Position>
<Axis>0 1 0</Axis>
</ConstraintGeometry>
<ConstraintGeometry geomType="plane">
<InstancePath>
<Uid>84-1</Uid>
</InstancePath>
<Position>0 0 0</Position>
<Axis>0 -1 0</Axis>
</ConstraintGeometry>
</Coincident>
<Concentric name="Concentric3">
<ConstraintGeometry geomType="cylinder">
<InstancePath>
<Uid>84-1</Uid>
</InstancePath>
<Position>0.01525 0.0017499999999999998 0.015250000000000001</Position>
<Axis>0 -1 0</Axis>
</ConstraintGeometry>
<ConstraintGeometry geomType="cylinder">
<InstancePath>
<Uid>quad core</Uid>
</InstancePath>
<Position>0.015250000000000001 0.011250000000000005 0.015249999999999998</Position>
<Axis>0 1 0</Axis>
</ConstraintGeometry>
</Concentric>
<Concentric name="Concentric4">
<ConstraintGeometry geomType="cylinder">
<InstancePath>
<Uid>84-1</Uid>
</InstancePath>
<Position>0.015249999999999996 0.0017499999999999998 -0.015249999999999998</Position>
<Axis>0 -1 0</Axis>
</ConstraintGeometry>
<ConstraintGeometry geomType="cylinder">
<InstancePath>
<Uid>quad core</Uid>
</InstancePath>
<Position>0.015249999999999994 0.011250000000000007 -0.015249999999999994</Position>
<Axis>0 1 0</Axis>
</ConstraintGeometry>
</Concentric>
<Concentric name="Concentric5">
<ConstraintGeometry geomType="cylinder">
<InstancePath>
<Uid>84-1</Uid>
</InstancePath>
<Position>0.015249999999999996 0.0017499999999999998 -0.015249999999999998</Position>
<Axis>0 -1 0</Axis>
</ConstraintGeometry>
<ConstraintGeometry geomType="cylinder">
<InstancePath>
<Uid>fghj-1</Uid>
</InstancePath>
<Position>0 0.0060000000000000001 0</Position>
<Axis>0 -1 0</Axis>
</ConstraintGeometry>
</Concentric>
<Coincident name="Coincident2">
<ConstraintGeometry geomType="plane">
<InstancePath>
<Uid>84-1</Uid>
</InstancePath>
<Position>0 0.0017499999999999998 0</Position>
<Axis>0 1 0</Axis>
</ConstraintGeometry>
<ConstraintGeometry geomType="circle">
<InstancePath>
<Uid>fghj-1</Uid>
</InstancePath>
<Position>0 0 0</Position>
<Axis>0 1 0</Axis>
</ConstraintGeometry>
</Coincident>
<Coincident name="Coincident3">
<ConstraintGeometry geomType="plane">
<InstancePath>
<Uid>quad core</Uid>
</InstancePath>
<Position>0 0.011250000000000005 0</Position>
<Axis>0 -1 0</Axis>
</ConstraintGeometry>
<ConstraintGeometry geomType="plane">
<InstancePath>
<Uid>fghj-1</Uid>
</InstancePath>
<Position>0 0.0060000000000000001 0</Position>
<Axis>0 1 0</Axis>
</ConstraintGeometry>
</Coincident>
<Concentric name="Concentric6">
<ConstraintGeometry geomType="cylinder">
<InstancePath>
<Uid>1-1</Uid>
</InstancePath>
<Position>-0.022627416997969736 0.0040000000000000001 0.031112698372207901</Position>
<Axis>0 -1 0</Axis>
</ConstraintGeometry>
<ConstraintGeometry geomType="cylinder">
<InstancePath>
<Uid>spider arms-1</Uid>
</InstancePath>
<Position>0.0030000000000000027 0.0099999999999999985 -0.0039999999999999966</Position>
<Axis>0 -1 0</Axis>
</ConstraintGeometry>
</Concentric>
<Concentric name="Concentric7">
<ConstraintGeometry geomType="cylinder">
<InstancePath>
<Uid>1-1</Uid>
</InstancePath>
<Position>-0.031112698372208258 0.0040000000000000001 0.022627416997969274</Position>
<Axis>0 -1 0</Axis>
</ConstraintGeometry>
<ConstraintGeometry geomType="cylinder">
<InstancePath>
<Uid>spider arms-1</Uid>
</InstancePath>
<Position>0.014999999999999999 0.0099999999999999985 -0.0039999999999999966</Position>
<Axis>0 -1 0</Axis>
</ConstraintGeometry>
</Concentric>
<Coincident name="Coincident4">
<ConstraintGeometry geomType="plane">
<InstancePath>
<Uid>1-1</Uid>
</InstancePath>
<Position>0 0.0040000000000000001 0</Position>
<Axis>0 1 0</Axis>
</ConstraintGeometry>
<ConstraintGeometry geomType="plane">
<InstancePath>
<Uid>spider arms-1</Uid>
</InstancePath>
<Position>0.01900000000000001 0 -0.021142135623730914</Position>
<Axis>0 -1 0</Axis>
</ConstraintGeometry>
</Coincident>
<Concentric name="Concentric8">
<ConstraintGeometry geomType="cylinder">
<InstancePath>
<Uid>spider arms-1</Uid>
</InstancePath>
<Position>0.0030000000000000027 0.0099999999999999985 -0.0039999999999999966</Position>
<Axis>0 -1 0</Axis>
</ConstraintGeometry>
<ConstraintGeometry geomType="cylinder">
<InstancePath>
<Uid>3-1</Uid>
</InstancePath>
<Position>-0.022627416997969156 0.0040999999999999995 -0.031112698372208328</Position>
<Axis>0 -1 0</Axis>
</ConstraintGeometry>
</Concentric>
<Concentric name="Concentric9">
<ConstraintGeometry geomType="cylinder">
<InstancePath>
<Uid>spider arms-1</Uid>
</InstancePath>
<Position>0.014999999999999999 0.0099999999999999985 -0.0039999999999999966</Position>
<Axis>0 -1 0</Axis>
</ConstraintGeometry>
<ConstraintGeometry geomType="cylinder">
<InstancePath>
<Uid>3-1</Uid>
</InstancePath>
<Position>-0.031112698372207818 0.0040999999999999995 -0.022627416997969833</Position>
<Axis>0 -1 0</Axis>
</ConstraintGeometry>
</Concentric>
<Coincident name="Coincident5">
<ConstraintGeometry geomType="plane">
<InstancePath>
<Uid>spider arms-1</Uid>
</InstancePath>
<Position>0.014999999999999999 0.02 -0.0030000000000000027</Position>
<Axis>0 1 0</Axis>
</ConstraintGeometry>
<ConstraintGeometry geomType="plane">
<InstancePath>
<Uid>3-1</Uid>
</InstancePath>
<Position>0 0.0040999999999999995 0</Position>
<Axis>0 1 0</Axis>
</ConstraintGeometry>
</Coincident>
<Concentric name="Concentric11">
<ConstraintGeometry geomType="cylinder">
<InstancePath>
<Uid>quad core</Uid>
</InstancePath>
<Position>0.015250000000000001 0.011250000000000005 0.015249999999999998</Position>
<Axis>0 1 0</Axis>
</ConstraintGeometry>
<ConstraintGeometry geomType="cylinder">
<InstancePath>
<Uid>pan cross head_am-1</Uid>
</InstancePath>
<Position>-0.025399999999999964 0 0</Position>
<Axis>-1 0 0</Axis>
</ConstraintGeometry>
</Concentric>
<Coincident name="Coincident6">
<ConstraintGeometry geomType="plane">
<InstancePath>
<Uid>quad core</Uid>
</InstancePath>
<Position>0 0.013000000000000005 0</Position>
<Axis>0 1 0</Axis>
</ConstraintGeometry>
<ConstraintGeometry geomType="circle">
<InstancePath>
<Uid>pan cross head_am-1</Uid>
</InstancePath>
<Position>0.0023999999999999994 0 0</Position>
<Axis>-1 0 0</Axis>
</ConstraintGeometry>
</Coincident>
<Concentric name="Concentric12">
<ConstraintGeometry geomType="cylinder">
<InstancePath>
<Uid>3-1</Uid>
</InstancePath>
<Position>-0.022627416997969156 0.0040999999999999995 -0.031112698372208328</Position>
<Axis>0 -1 0</Axis>
</ConstraintGeometry>
<ConstraintGeometry geomType="cylinder">
<InstancePath>
<Uid>pan cross head_am-5</Uid>
</InstancePath>
<Position>-0.025399999999999961 0 0</Position>
<Axis>-1 0 0</Axis>
</ConstraintGeometry>
</Concentric>
<Coincident name="Coincident7">
<ConstraintGeometry geomType="plane">
<InstancePath>
<Uid>3-1</Uid>
</InstancePath>
<Position>0 0 0</Position>
<Axis>0 -1 0</Axis>
</ConstraintGeometry>
<ConstraintGeometry geomType="plane">
<InstancePath>
<Uid>pan cross head_am-5</Uid>
</InstancePath>
<Position>0.0023999999999999994 0.0014999999999999979 0</Position>
<Axis>1 0 0</Axis>
</ConstraintGeometry>
</Coincident>
<Concentric name="Concentric13">
<ConstraintGeometry geomType="cylinder">
<InstancePath>
<Uid>pan cross head_am-5</Uid>
</InstancePath>
<Position>-0.025399999999999961 0 0</Position>
<Axis>-1 0 0</Axis>
</ConstraintGeometry>
<ConstraintGeometry geomType="cylinder">
<InstancePath>
<Uid>hex nut style 2_am-1</Uid>
</InstancePath>
<Position>0 0 -0.025037505729093166</Position>
<Axis>0 0 0.99999999999999989</Axis>
</ConstraintGeometry>
</Concentric>
<Coincident name="Coincident8">
<ConstraintGeometry geomType="plane">
<InstancePath>
<Uid>1-1</Uid>
</InstancePath>
<Position>0 0 0</Position>
<Axis>0 -1 0</Axis>
</ConstraintGeometry>
<ConstraintGeometry geomType="plane">
<InstancePath>
<Uid>hex nut style 2_am-1</Uid>
</InstancePath>
<Position>0 0.0031754264805429599 -0.0028999999999999989</Position>
<Axis>0 0 -0.99999999999999989</Axis>
</ConstraintGeometry>
</Coincident>
<Concentric name="Concentric14">
<ConstraintGeometry geomType="cylinder">
<InstancePath>
<Uid>pan cross head_am-6</Uid>
</InstancePath>
<Position>-0.025399999999999961 0 0</Position>
<Axis>-1 0 0</Axis>
</ConstraintGeometry>
<ConstraintGeometry geomType="cylinder">
<InstancePath>
<Uid>hex nut style 2_am-2</Uid>
</InstancePath>
<Position>0 0 -0.025037505729093169</Position>
<Axis>0 0 1</Axis>
</ConstraintGeometry>
</Concentric>
<Concentric name="Concentric15">
<ConstraintGeometry geomType="cylinder">
<InstancePath>
<Uid>3-1</Uid>
</InstancePath>
<Position>-0.031112698372207818 0.0040999999999999995 -0.022627416997969833</Position>
<Axis>0 -1 0</Axis>
</ConstraintGeometry>
<ConstraintGeometry geomType="cylinder">
<InstancePath>
<Uid>pan cross head_am-6</Uid>
</InstancePath>
<Position>-0.025399999999999961 0 0</Position>
<Axis>-1 0 0</Axis>
</ConstraintGeometry>
</Concentric>
<Coincident name="Coincident9">
<ConstraintGeometry geomType="plane">
<InstancePath>
<Uid>3-1</Uid>
</InstancePath>
<Position>0 0 0</Position>
<Axis>0 -1 0</Axis>
</ConstraintGeometry>
<ConstraintGeometry geomType="plane">
<InstancePath>
<Uid>pan cross head_am-6</Uid>
</InstancePath>
<Position>0.0023999999999999994 0.0015000000000000013 0</Position>
<Axis>1 0 0</Axis>
</ConstraintGeometry>
</Coincident>
<Concentric name="Concentric18">
<ConstraintGeometry geomType="cylinder">
<InstancePath>
<Uid>spider arms-1</Uid>
</InstancePath>
<Position>0.0090000000000000149 0.0099999999999999985 -0.086000000000000021</Position>
<Axis>0 -1 0</Axis>
</ConstraintGeometry>
<ConstraintGeometry geomType="cylinder">
<InstancePath>
<Uid>59-2</Uid>
</InstancePath>
<Position>0 0.022000000000000006 0</Position>
<Axis>0 1 0</Axis>
</ConstraintGeometry>
</Concentric>
<Coincident name="Coincident10">
<ConstraintGeometry geomType="plane">
<InstancePath>
<Uid>spider arms-1</Uid>
</InstancePath>
<Position>0.018000000000000016 0.0044999999999999997 -0.074791666666666645</Position>
<Axis>0 1 -1.3257640977869664e-16</Axis>
</ConstraintGeometry>
<ConstraintGeometry geomType="plane">
<InstancePath>
<Uid>59-2</Uid>
</InstancePath>
<Position>0.0010000000000000009 0 0</Position>
<Axis>0 -1 0</Axis>
</ConstraintGeometry>
</Coincident>
<Coincident name="Coincident11">
<ConstraintGeometry geomType="plane">
<InstancePath>
<Uid>spider arms-1</Uid>
</InstancePath>
<Position>0.01900000000000001 0 -0.021142135623730914</Position>
<Axis>0 -1 0</Axis>
</ConstraintGeometry>
<ConstraintGeometry geomType="plane">
<InstancePath>
<Uid>pan cross head_am-8</Uid>
</InstancePath>
<Position>0.0015999999999999999 0.00099999999999998701 0</Position>
<Axis>1 0 0</Axis>
</ConstraintGeometry>
</Coincident>
<Concentric name="Concentric20">
<ConstraintGeometry geomType="cylinder">
<InstancePath>
<Uid>spider arms-1</Uid>
</InstancePath>
<Position>0.013242640687119271 0.0099999999999999985 -0.081757359312880695</Position>
<Axis>0 -1 0</Axis>
</ConstraintGeometry>
<ConstraintGeometry geomType="cylinder">
<InstancePath>
<Uid>pan cross head_am-8</Uid>
</InstancePath>
<Position>-0.025399999999999968 0 0</Position>
<Axis>-1 0 0</Axis>
</ConstraintGeometry>
</Concentric>
<Concentric name="Concentric21">
<ConstraintGeometry geomType="cylinder">
<InstancePath>
<Uid>spider arms-1</Uid>
</InstancePath>
<Position>0.0047573593128807726 0.0099999999999999985 -0.090242640687119346</Position>
<Axis>0 -1 0</Axis>
</ConstraintGeometry>
<ConstraintGeometry geomType="cylinder">
<InstancePath>
<Uid>pan cross head_am-19</Uid>
</InstancePath>
<Position>-0.025399999999999961 0 0</Position>
<Axis>-1 0 0</Axis>
</ConstraintGeometry>
</Concentric>
<Coincident name="Coincident13">
<ConstraintGeometry geomType="plane">
<InstancePath>
<Uid>spider arms-1</Uid>
</InstancePath>
<Position>0.01900000000000001 0 -0.021142135623730914</Position>
<Axis>0 -1 0</Axis>
</ConstraintGeometry>
<ConstraintGeometry geomType="plane">
<InstancePath>
<Uid>pan cross head_am-19</Uid>
</InstancePath>
<Position>0.0015999999999999999 0.00099999999999998701 0</Position>
<Axis>1 0 0</Axis>
</ConstraintGeometry>
</Coincident>
<Concentric name="Concentric22">
<ConstraintGeometry geomType="cylinder">
<InstancePath>
<Uid>spider arms-1</Uid>
</InstancePath>
<Position>0.0033431457505075854 0.0099999999999999985 -0.080343145750507661</Position>
<Axis>0 -1 0</Axis>
</ConstraintGeometry>
<ConstraintGeometry geomType="cylinder">
<InstancePath>
<Uid>pan cross head_am-21</Uid>
</InstancePath>
<Position>-0.025399999999999961 0 0</Position>
<Axis>-1 0 0</Axis>
</ConstraintGeometry>
</Concentric>
<Coincident name="Coincident14">
<ConstraintGeometry geomType="plane">
<InstancePath>
<Uid>spider arms-1</Uid>
</InstancePath>
<Position>0.01900000000000001 0 -0.021142135623730914</Position>
<Axis>0 -1 0</Axis>
</ConstraintGeometry>
<ConstraintGeometry geomType="plane">
<InstancePath>
<Uid>pan cross head_am-21</Uid>
</InstancePath>
<Position>0.0015999999999999999 0.00099999999999998701 0</Position>
<Axis>1 0 0</Axis>
</ConstraintGeometry>
</Coincident>
<Concentric name="Concentric23">
<ConstraintGeometry geomType="cylinder">
<InstancePath>
<Uid>59-2</Uid>
</InstancePath>
<Position>0 0.022000000000000006 0</Position>
<Axis>0 1 0</Axis>
</ConstraintGeometry>
<ConstraintGeometry geomType="cylinder">
<InstancePath>
<Uid>spinner-1</Uid>
</InstancePath>
<Position>0 0.014499999999999999 0</Position>
<Axis>0 1 0</Axis>
</ConstraintGeometry>
</Concentric>
<Coincident name="Coincident15">
<ConstraintGeometry geomType="plane">
<InstancePath>
<Uid>59-2</Uid>
</InstancePath>
<Position>0.0075000000000000067 0.018500000000000003 0</Position>
<Axis>0 1 0</Axis>
</ConstraintGeometry>
<ConstraintGeometry geomType="plane">
<InstancePath>
<Uid>spinner-1</Uid>
</InstancePath>
<Position>0 0 0</Position>
<Axis>0 -1 0</Axis>
</ConstraintGeometry>
</Coincident>
<Concentric name="Concentric24">
<ConstraintGeometry geomType="cylinder">
<InstancePath>
<Uid>spinner-1</Uid>
</InstancePath>
<Position>0 0.014499999999999999 0</Position>
<Axis>0 1 0</Axis>
</ConstraintGeometry>
<ConstraintGeometry geomType="cylinder">
<InstancePath>
<Uid>569+12-1</Uid>
</InstancePath>
<Position>0 0.0030000000000000027 0</Position>
<Axis>0 -1 0</Axis>
</ConstraintGeometry>
</Concentric>
<Coincident name="Coincident16">
<ConstraintGeometry geomType="plane">
<InstancePath>
<Uid>spinner-1</Uid>
</InstancePath>
<Position>0.0079999999999999932 0.0035000000000000031 0</Position>
<Axis>0 1 0</Axis>
</ConstraintGeometry>
<ConstraintGeometry geomType="plane">
<InstancePath>
<Uid>569+12-1</Uid>
</InstancePath>
<Position>0 -0.0029999999999999992 0</Position>
<Axis>0 -1 0</Axis>
</ConstraintGeometry>
</Coincident>
<Concentric name="Concentric26">
<ConstraintGeometry geomType="cylinder">
<InstancePath>
<Uid>spinner-1</Uid>
</InstancePath>
<Position>0 0.014499999999999999 0</Position>
<Axis>0 1 0</Axis>
</ConstraintGeometry>
<ConstraintGeometry geomType="cylinder">
<InstancePath>
<Uid>hex nut style 2_am-5</Uid>
</InstancePath>
<Position>0 0 -0.0037999999999999978</Position>
<Axis>0 0 0.99999999999999978</Axis>
</ConstraintGeometry>
</Concentric>
<Coincident name="Coincident19">
<ConstraintGeometry geomType="plane">
<InstancePath>
<Uid>569+12-1</Uid>
</InstancePath>
<Position>0 0.0030000000000000027 0</Position>
<Axis>0 1 0</Axis>
</ConstraintGeometry>
<ConstraintGeometry geomType="plane">
<InstancePath>
<Uid>hex nut style 2_am-5</Uid>
</InstancePath>
<Position>0 0.0040414518843273767 -0.0037999999999999978</Position>
<Axis>0 0 -0.99999999999999978</Axis>
</ConstraintGeometry>
</Coincident>
<Coincident name="Coincident20">
<ConstraintGeometry geomType="plane">
<InstancePath>
<Uid>1-1</Uid>
</InstancePath>
<Position>0 0 0</Position>
<Axis>0 0 1</Axis>
</ConstraintGeometry>
<ConstraintGeometry geomType="plane">
<InstancePath>
<Uid>quad core</Uid>
</InstancePath>
<Position>0 0 0</Position>
<Axis>0 0 1</Axis>
</ConstraintGeometry>
</Coincident>
<Coincident name="Coincident21">
<ConstraintGeometry geomType="plane">
<InstancePath>
<Uid>1-1</Uid>
</InstancePath>
<Position>0 0 0</Position>
<Axis>1 0 0</Axis>
</ConstraintGeometry>
<ConstraintGeometry geomType="plane">
<InstancePath>
<Uid>quad core</Uid>
</InstancePath>
<Position>0 0 0</Position>
<Axis>1 0 0</Axis>
</ConstraintGeometry>
</Coincident>
<Coincident name="Coincident22">
<ConstraintGeometry geomType="plane">
<InstancePath>
<Uid>1-1</Uid>
</InstancePath>
<Position>0 0 0</Position>
<Axis>0 1 0</Axis>
</ConstraintGeometry>
<ConstraintGeometry geomType="plane">
<InstancePath>
<Uid>quad core</Uid>
</InstancePath>
